lobby:
  x: 290.5234784603653
  y: 87.0
  z: 329.55395606503265
  yaw: 178.68681
  pitch: 86.85002
  world: world
